# Created by Octave 3.8.2, Mon Mar 07 15:07:51 2016 CET <stefanomandelli@guendalf>
# name: A
# type: scalar
2


